-1.699999999999999905e-03
-1.693333333333333149e-03
-1.686666666666666609e-03
-1.679999999999999853e-03
-1.673333333333333313e-03
-1.666666666666666557e-03
-1.660000000000000017e-03
-1.653333333333333261e-03
-1.646666666666666504e-03
-1.639999999999999965e-03
-1.633333333333333208e-03
-1.626666666666666669e-03
-1.619999999999999912e-03
-1.613333333333333373e-03
-1.606666666666666616e-03
-1.599999999999999860e-03
-1.593333333333333320e-03
-1.586666666666666564e-03
-1.580000000000000024e-03
-1.573333333333333268e-03
-1.566666666666666728e-03
-1.559999999999999972e-03
-1.553333333333333215e-03
-1.546666666666666676e-03
-1.539999999999999919e-03
-1.533333333333333380e-03
-1.526666666666666623e-03
-1.520000000000000084e-03
-1.513333333333333327e-03
-1.506666666666666788e-03
-1.500000000000000031e-03
