0.000000000000000000e+00 8.250000000000000000e+02 0.000000000000000000e+00 -1.699999999999999956e+00 7.000000000000000000e+00 -1.653333333333333321e+00
0.000000000000000000e+00 4.120000000000000000e+02 0.000000000000000000e+00 -1.699999999999999956e+00 1.000000000000000000e+00 -1.693333333333333135e+00
0.000000000000000000e+00 6.180000000000000000e+02 0.000000000000000000e+00 -1.699999999999999956e+00 3.000000000000000000e+00 -1.679999999999999938e+00
2.060000000000000000e+02 6.180000000000000000e+02 0.000000000000000000e+00 -1.699999999999999956e+00 1.200000000000000000e+01 -1.619999999999999885e+00
2.060000000000000000e+02 8.250000000000000000e+02 0.000000000000000000e+00 -1.699999999999999956e+00 1.700000000000000000e+01 -1.586666666666666670e+00
4.120000000000000000e+02 8.250000000000000000e+02 0.000000000000000000e+00 -1.699999999999999956e+00 2.000000000000000000e+01 -1.566666666666666652e+00
0.000000000000000000e+00 8.250000000000000000e+02 0.000000000000000000e+00 -1.699999999999999956e+00 8.000000000000000000e+00 -1.646666666666666501e+00
0.000000000000000000e+00 4.120000000000000000e+02 0.000000000000000000e+00 -1.699999999999999956e+00 1.000000000000000000e+00 -1.693333333333333135e+00
0.000000000000000000e+00 6.180000000000000000e+02 0.000000000000000000e+00 -1.699999999999999956e+00 3.000000000000000000e+00 -1.679999999999999938e+00
2.060000000000000000e+02 6.180000000000000000e+02 0.000000000000000000e+00 -1.699999999999999956e+00 1.300000000000000000e+01 -1.613333333333333286e+00
2.060000000000000000e+02 8.250000000000000000e+02 0.000000000000000000e+00 -1.699999999999999956e+00 1.700000000000000000e+01 -1.586666666666666670e+00
4.120000000000000000e+02 8.250000000000000000e+02 0.000000000000000000e+00 -1.699999999999999956e+00 2.000000000000000000e+01 -1.566666666666666652e+00
0.000000000000000000e+00 8.250000000000000000e+02 0.000000000000000000e+00 -1.699999999999999956e+00 8.000000000000000000e+00 -1.646666666666666501e+00
0.000000000000000000e+00 4.120000000000000000e+02 0.000000000000000000e+00 -1.699999999999999956e+00 1.000000000000000000e+00 -1.693333333333333135e+00
0.000000000000000000e+00 6.180000000000000000e+02 0.000000000000000000e+00 -1.699999999999999956e+00 3.000000000000000000e+00 -1.679999999999999938e+00
2.060000000000000000e+02 6.180000000000000000e+02 0.000000000000000000e+00 -1.699999999999999956e+00 1.300000000000000000e+01 -1.613333333333333286e+00
2.060000000000000000e+02 8.250000000000000000e+02 0.000000000000000000e+00 -1.699999999999999956e+00 1.700000000000000000e+01 -1.586666666666666670e+00
4.120000000000000000e+02 8.250000000000000000e+02 0.000000000000000000e+00 -1.699999999999999956e+00 2.100000000000000000e+01 -1.560000000000000053e+00
0.000000000000000000e+00 8.250000000000000000e+02 0.000000000000000000e+00 -1.699999999999999956e+00 8.000000000000000000e+00 -1.646666666666666501e+00
0.000000000000000000e+00 4.120000000000000000e+02 0.000000000000000000e+00 -1.699999999999999956e+00 1.000000000000000000e+00 -1.693333333333333135e+00
0.000000000000000000e+00 6.180000000000000000e+02 0.000000000000000000e+00 -1.699999999999999956e+00 4.000000000000000000e+00 -1.673333333333333339e+00
2.060000000000000000e+02 6.180000000000000000e+02 0.000000000000000000e+00 -1.699999999999999956e+00 1.300000000000000000e+01 -1.613333333333333286e+00
2.060000000000000000e+02 8.250000000000000000e+02 0.000000000000000000e+00 -1.699999999999999956e+00 1.700000000000000000e+01 -1.586666666666666670e+00
4.120000000000000000e+02 8.250000000000000000e+02 0.000000000000000000e+00 -1.699999999999999956e+00 2.100000000000000000e+01 -1.560000000000000053e+00
0.000000000000000000e+00 8.250000000000000000e+02 0.000000000000000000e+00 -1.699999999999999956e+00 9.000000000000000000e+00 -1.639999999999999902e+00
0.000000000000000000e+00 4.120000000000000000e+02 0.000000000000000000e+00 -1.699999999999999956e+00 1.000000000000000000e+00 -1.693333333333333135e+00
0.000000000000000000e+00 6.180000000000000000e+02 0.000000000000000000e+00 -1.699999999999999956e+00 4.000000000000000000e+00 -1.673333333333333339e+00
2.060000000000000000e+02 6.180000000000000000e+02 0.000000000000000000e+00 -1.699999999999999956e+00 1.300000000000000000e+01 -1.613333333333333286e+00
2.060000000000000000e+02 8.250000000000000000e+02 0.000000000000000000e+00 -1.699999999999999956e+00 1.800000000000000000e+01 -1.580000000000000071e+00
4.120000000000000000e+02 8.250000000000000000e+02 0.000000000000000000e+00 -1.699999999999999956e+00 2.100000000000000000e+01 -1.560000000000000053e+00
0.000000000000000000e+00 8.250000000000000000e+02 0.000000000000000000e+00 -1.699999999999999956e+00 9.000000000000000000e+00 -1.639999999999999902e+00
0.000000000000000000e+00 4.120000000000000000e+02 0.000000000000000000e+00 -1.699999999999999956e+00 1.000000000000000000e+00 -1.693333333333333135e+00
0.000000000000000000e+00 6.180000000000000000e+02 0.000000000000000000e+00 -1.699999999999999956e+00 4.000000000000000000e+00 -1.673333333333333339e+00
2.060000000000000000e+02 6.180000000000000000e+02 0.000000000000000000e+00 -1.699999999999999956e+00 1.400000000000000000e+01 -1.606666666666666687e+00
2.060000000000000000e+02 8.250000000000000000e+02 0.000000000000000000e+00 -1.699999999999999956e+00 1.800000000000000000e+01 -1.580000000000000071e+00
4.120000000000000000e+02 8.250000000000000000e+02 0.000000000000000000e+00 -1.699999999999999956e+00 2.100000000000000000e+01 -1.560000000000000053e+00
0.000000000000000000e+00 8.250000000000000000e+02 0.000000000000000000e+00 -1.699999999999999956e+00 9.000000000000000000e+00 -1.639999999999999902e+00
0.000000000000000000e+00 4.120000000000000000e+02 0.000000000000000000e+00 -1.699999999999999956e+00 1.000000000000000000e+00 -1.693333333333333135e+00
0.000000000000000000e+00 6.180000000000000000e+02 0.000000000000000000e+00 -1.699999999999999956e+00 4.000000000000000000e+00 -1.673333333333333339e+00
2.060000000000000000e+02 6.180000000000000000e+02 0.000000000000000000e+00 -1.699999999999999956e+00 1.400000000000000000e+01 -1.606666666666666687e+00
2.060000000000000000e+02 8.250000000000000000e+02 0.000000000000000000e+00 -1.699999999999999956e+00 1.800000000000000000e+01 -1.580000000000000071e+00
4.120000000000000000e+02 8.250000000000000000e+02 0.000000000000000000e+00 -1.699999999999999956e+00 2.200000000000000000e+01 -1.553333333333333233e+00
0.000000000000000000e+00 8.250000000000000000e+02 0.000000000000000000e+00 -1.699999999999999956e+00 9.000000000000000000e+00 -1.639999999999999902e+00
0.000000000000000000e+00 4.120000000000000000e+02 0.000000000000000000e+00 -1.699999999999999956e+00 1.000000000000000000e+00 -1.693333333333333135e+00
0.000000000000000000e+00 6.180000000000000000e+02 0.000000000000000000e+00 -1.699999999999999956e+00 5.000000000000000000e+00 -1.666666666666666519e+00
2.060000000000000000e+02 6.180000000000000000e+02 0.000000000000000000e+00 -1.699999999999999956e+00 1.400000000000000000e+01 -1.606666666666666687e+00
2.060000000000000000e+02 8.250000000000000000e+02 0.000000000000000000e+00 -1.699999999999999956e+00 1.900000000000000000e+01 -1.573333333333333250e+00
4.120000000000000000e+02 8.250000000000000000e+02 0.000000000000000000e+00 -1.699999999999999956e+00 2.200000000000000000e+01 -1.553333333333333233e+00
0.000000000000000000e+00 8.250000000000000000e+02 0.000000000000000000e+00 -1.699999999999999956e+00 1.000000000000000000e+01 -1.633333333333333304e+00
0.000000000000000000e+00 4.120000000000000000e+02 0.000000000000000000e+00 -1.699999999999999956e+00 1.000000000000000000e+00 -1.693333333333333135e+00
0.000000000000000000e+00 6.180000000000000000e+02 0.000000000000000000e+00 -1.699999999999999956e+00 5.000000000000000000e+00 -1.666666666666666519e+00
2.060000000000000000e+02 6.180000000000000000e+02 0.000000000000000000e+00 -1.699999999999999956e+00 1.500000000000000000e+01 -1.599999999999999867e+00
2.060000000000000000e+02 8.250000000000000000e+02 0.000000000000000000e+00 -1.699999999999999956e+00 1.900000000000000000e+01 -1.573333333333333250e+00
4.120000000000000000e+02 8.250000000000000000e+02 0.000000000000000000e+00 -1.699999999999999956e+00 2.200000000000000000e+01 -1.553333333333333233e+00
0.000000000000000000e+00 8.250000000000000000e+02 0.000000000000000000e+00 -1.699999999999999956e+00 1.000000000000000000e+01 -1.633333333333333304e+00
0.000000000000000000e+00 4.120000000000000000e+02 0.000000000000000000e+00 -1.699999999999999956e+00 1.000000000000000000e+00 -1.693333333333333135e+00
0.000000000000000000e+00 6.180000000000000000e+02 0.000000000000000000e+00 -1.699999999999999956e+00 5.000000000000000000e+00 -1.666666666666666519e+00
2.060000000000000000e+02 6.180000000000000000e+02 0.000000000000000000e+00 -1.699999999999999956e+00 1.500000000000000000e+01 -1.599999999999999867e+00
2.060000000000000000e+02 8.250000000000000000e+02 0.000000000000000000e+00 -1.699999999999999956e+00 1.900000000000000000e+01 -1.573333333333333250e+00
4.120000000000000000e+02 8.250000000000000000e+02 0.000000000000000000e+00 -1.699999999999999956e+00 2.300000000000000000e+01 -1.546666666666666634e+00
