-2.200000000000000133e-03
-2.170000000000000054e-03
-2.139999999999999975e-03
-2.109999999999999896e-03
-2.080000000000000251e-03
-2.050000000000000173e-03
-2.020000000000000094e-03
-1.990000000000000015e-03
-1.959999999999999937e-03
-1.930000000000000075e-03
-1.899999999999999996e-03
-1.870000000000000134e-03
-1.840000000000000056e-03
-1.809999999999999977e-03
-1.779999999999999898e-03
-1.750000000000000036e-03
-1.719999999999999958e-03
-1.690000000000000096e-03
-1.660000000000000017e-03
-1.629999999999999939e-03
-1.599999999999999860e-03
-1.569999999999999998e-03
-1.539999999999999919e-03
-1.510000000000000057e-03
-1.479999999999999979e-03
-1.449999999999999900e-03
-1.419999999999999821e-03
-1.389999999999999960e-03
-1.359999999999999881e-03
-1.330000000000000019e-03
-1.299999999999999940e-03
