0.000000000000000000e+00 8.250000000000000000e+02 0.000000000000000000e+00 -2.200000000000000178e+00 1.700000000000000000e+01 -1.690000000000000169e+00
0.000000000000000000e+00 4.120000000000000000e+02 0.000000000000000000e+00 -2.200000000000000178e+00 1.500000000000000000e+01 -1.750000000000000000e+00
0.000000000000000000e+00 6.180000000000000000e+02 0.000000000000000000e+00 -2.200000000000000178e+00 1.600000000000000000e+01 -1.719999999999999973e+00
2.060000000000000000e+02 6.180000000000000000e+02 0.000000000000000000e+00 -2.200000000000000178e+00 1.800000000000000000e+01 -1.659999999999999920e+00
2.060000000000000000e+02 8.250000000000000000e+02 0.000000000000000000e+00 -2.200000000000000178e+00 1.900000000000000000e+01 -1.629999999999999893e+00
4.120000000000000000e+02 8.250000000000000000e+02 0.000000000000000000e+00 -2.200000000000000178e+00 2.000000000000000000e+01 -1.599999999999999867e+00
0.000000000000000000e+00 8.250000000000000000e+02 0.000000000000000000e+00 -2.200000000000000178e+00 1.900000000000000000e+01 -1.629999999999999893e+00
0.000000000000000000e+00 4.120000000000000000e+02 0.000000000000000000e+00 -2.200000000000000178e+00 1.700000000000000000e+01 -1.690000000000000169e+00
0.000000000000000000e+00 6.180000000000000000e+02 0.000000000000000000e+00 -2.200000000000000178e+00 1.800000000000000000e+01 -1.659999999999999920e+00
2.060000000000000000e+02 6.180000000000000000e+02 0.000000000000000000e+00 -2.200000000000000178e+00 2.000000000000000000e+01 -1.599999999999999867e+00
2.060000000000000000e+02 8.250000000000000000e+02 0.000000000000000000e+00 -2.200000000000000178e+00 2.100000000000000000e+01 -1.570000000000000062e+00
4.120000000000000000e+02 8.250000000000000000e+02 0.000000000000000000e+00 -2.200000000000000178e+00 2.200000000000000000e+01 -1.539999999999999813e+00
0.000000000000000000e+00 8.250000000000000000e+02 0.000000000000000000e+00 -2.200000000000000178e+00 2.000000000000000000e+01 -1.599999999999999867e+00
0.000000000000000000e+00 4.120000000000000000e+02 0.000000000000000000e+00 -2.200000000000000178e+00 1.800000000000000000e+01 -1.659999999999999920e+00
0.000000000000000000e+00 6.180000000000000000e+02 0.000000000000000000e+00 -2.200000000000000178e+00 1.900000000000000000e+01 -1.629999999999999893e+00
2.060000000000000000e+02 6.180000000000000000e+02 0.000000000000000000e+00 -2.200000000000000178e+00 2.200000000000000000e+01 -1.539999999999999813e+00
2.060000000000000000e+02 8.250000000000000000e+02 0.000000000000000000e+00 -2.200000000000000178e+00 2.200000000000000000e+01 -1.539999999999999813e+00
4.120000000000000000e+02 8.250000000000000000e+02 0.000000000000000000e+00 -2.200000000000000178e+00 2.300000000000000000e+01 -1.510000000000000009e+00
0.000000000000000000e+00 8.250000000000000000e+02 0.000000000000000000e+00 -2.200000000000000178e+00 2.200000000000000000e+01 -1.539999999999999813e+00
0.000000000000000000e+00 4.120000000000000000e+02 0.000000000000000000e+00 -2.200000000000000178e+00 2.000000000000000000e+01 -1.599999999999999867e+00
0.000000000000000000e+00 6.180000000000000000e+02 0.000000000000000000e+00 -2.200000000000000178e+00 2.100000000000000000e+01 -1.570000000000000062e+00
2.060000000000000000e+02 6.180000000000000000e+02 0.000000000000000000e+00 -2.200000000000000178e+00 2.300000000000000000e+01 -1.510000000000000009e+00
2.060000000000000000e+02 8.250000000000000000e+02 0.000000000000000000e+00 -2.200000000000000178e+00 2.400000000000000000e+01 -1.479999999999999982e+00
4.120000000000000000e+02 8.250000000000000000e+02 0.000000000000000000e+00 -2.200000000000000178e+00 2.500000000000000000e+01 -1.449999999999999956e+00
0.000000000000000000e+00 8.250000000000000000e+02 0.000000000000000000e+00 -2.200000000000000178e+00 2.400000000000000000e+01 -1.479999999999999982e+00
0.000000000000000000e+00 4.120000000000000000e+02 2.000000000000000000e+00 -2.140000000000000124e+00 2.200000000000000000e+01 -1.539999999999999813e+00
0.000000000000000000e+00 6.180000000000000000e+02 0.000000000000000000e+00 -2.200000000000000178e+00 2.300000000000000000e+01 -1.510000000000000009e+00
2.060000000000000000e+02 6.180000000000000000e+02 0.000000000000000000e+00 -2.200000000000000178e+00 2.500000000000000000e+01 -1.449999999999999956e+00
2.060000000000000000e+02 8.250000000000000000e+02 0.000000000000000000e+00 -2.200000000000000178e+00 2.600000000000000000e+01 -1.419999999999999929e+00
4.120000000000000000e+02 8.250000000000000000e+02 0.000000000000000000e+00 -2.200000000000000178e+00 2.600000000000000000e+01 -1.419999999999999929e+00
0.000000000000000000e+00 8.250000000000000000e+02 2.000000000000000000e+00 -2.140000000000000124e+00 2.500000000000000000e+01 -1.449999999999999956e+00
0.000000000000000000e+00 4.120000000000000000e+02 4.000000000000000000e+00 -2.080000000000000071e+00 2.300000000000000000e+01 -1.510000000000000009e+00
0.000000000000000000e+00 6.180000000000000000e+02 0.000000000000000000e+00 -2.200000000000000178e+00 2.400000000000000000e+01 -1.479999999999999982e+00
2.060000000000000000e+02 6.180000000000000000e+02 0.000000000000000000e+00 -2.200000000000000178e+00 2.600000000000000000e+01 -1.419999999999999929e+00
2.060000000000000000e+02 8.250000000000000000e+02 0.000000000000000000e+00 -2.200000000000000178e+00 2.700000000000000000e+01 -1.389999999999999902e+00
4.120000000000000000e+02 8.250000000000000000e+02 1.000000000000000000e+00 -2.169999999999999929e+00 2.800000000000000000e+01 -1.359999999999999876e+00
0.000000000000000000e+00 8.250000000000000000e+02 4.000000000000000000e+00 -2.080000000000000071e+00 2.700000000000000000e+01 -1.389999999999999902e+00
0.000000000000000000e+00 4.120000000000000000e+02 5.000000000000000000e+00 -2.050000000000000266e+00 2.500000000000000000e+01 -1.449999999999999956e+00
0.000000000000000000e+00 6.180000000000000000e+02 4.000000000000000000e+00 -2.080000000000000071e+00 2.600000000000000000e+01 -1.419999999999999929e+00
2.060000000000000000e+02 6.180000000000000000e+02 0.000000000000000000e+00 -2.200000000000000178e+00 2.800000000000000000e+01 -1.359999999999999876e+00
2.060000000000000000e+02 8.250000000000000000e+02 3.000000000000000000e+00 -2.109999999999999876e+00 2.900000000000000000e+01 -1.330000000000000071e+00
4.120000000000000000e+02 8.250000000000000000e+02 2.000000000000000000e+00 -2.140000000000000124e+00 3.000000000000000000e+01 -1.300000000000000044e+00
0.000000000000000000e+00 8.250000000000000000e+02 5.000000000000000000e+00 -2.050000000000000266e+00 2.800000000000000000e+01 -1.359999999999999876e+00
0.000000000000000000e+00 4.120000000000000000e+02 7.000000000000000000e+00 -1.989999999999999991e+00 2.600000000000000000e+01 -1.419999999999999929e+00
0.000000000000000000e+00 6.180000000000000000e+02 6.000000000000000000e+00 -2.020000000000000018e+00 2.700000000000000000e+01 -1.389999999999999902e+00
2.060000000000000000e+02 6.180000000000000000e+02 0.000000000000000000e+00 -2.200000000000000178e+00 3.000000000000000000e+01 -1.300000000000000044e+00
2.060000000000000000e+02 8.250000000000000000e+02 4.000000000000000000e+00 -2.080000000000000071e+00 3.000000000000000000e+01 -1.300000000000000044e+00
4.120000000000000000e+02 8.250000000000000000e+02 4.000000000000000000e+00 -2.080000000000000071e+00 3.000000000000000000e+01 -1.300000000000000044e+00
0.000000000000000000e+00 8.250000000000000000e+02 7.000000000000000000e+00 -1.989999999999999991e+00 3.000000000000000000e+01 -1.300000000000000044e+00
0.000000000000000000e+00 4.120000000000000000e+02 8.000000000000000000e+00 -1.959999999999999964e+00 2.800000000000000000e+01 -1.359999999999999876e+00
0.000000000000000000e+00 6.180000000000000000e+02 7.000000000000000000e+00 -1.989999999999999991e+00 2.900000000000000000e+01 -1.330000000000000071e+00
2.060000000000000000e+02 6.180000000000000000e+02 6.000000000000000000e+00 -2.020000000000000018e+00 3.000000000000000000e+01 -1.300000000000000044e+00
2.060000000000000000e+02 8.250000000000000000e+02 6.000000000000000000e+00 -2.020000000000000018e+00 3.000000000000000000e+01 -1.300000000000000044e+00
4.120000000000000000e+02 8.250000000000000000e+02 5.000000000000000000e+00 -2.050000000000000266e+00 3.000000000000000000e+01 -1.300000000000000044e+00
0.000000000000000000e+00 8.250000000000000000e+02 8.000000000000000000e+00 -1.959999999999999964e+00 3.000000000000000000e+01 -1.300000000000000044e+00
0.000000000000000000e+00 4.120000000000000000e+02 1.000000000000000000e+01 -1.899999999999999911e+00 3.000000000000000000e+01 -1.300000000000000044e+00
0.000000000000000000e+00 6.180000000000000000e+02 9.000000000000000000e+00 -1.930000000000000160e+00 3.000000000000000000e+01 -1.300000000000000044e+00
2.060000000000000000e+02 6.180000000000000000e+02 8.000000000000000000e+00 -1.959999999999999964e+00 3.000000000000000000e+01 -1.300000000000000044e+00
2.060000000000000000e+02 8.250000000000000000e+02 7.000000000000000000e+00 -1.989999999999999991e+00 3.000000000000000000e+01 -1.300000000000000044e+00
4.120000000000000000e+02 8.250000000000000000e+02 7.000000000000000000e+00 -1.989999999999999991e+00 3.000000000000000000e+01 -1.300000000000000044e+00
