8.599999999999999867e-01
8.609999999999999876e-01
8.619999999999999885e-01
8.629999999999999893e-01
8.639999999999999902e-01
8.649999999999999911e-01
8.659999999999999920e-01
8.669999999999999929e-01
8.679999999999999938e-01
8.689999999999999947e-01
8.699999999999999956e-01
8.709999999999999964e-01
8.719999999999999973e-01
8.729999999999999982e-01
8.739999999999999991e-01
8.750000000000000000e-01
8.760000000000000009e-01
8.770000000000000018e-01
8.780000000000000027e-01
8.790000000000000036e-01
8.800000000000000044e-01
8.810000000000000053e-01
8.820000000000000062e-01
8.830000000000000071e-01
8.840000000000000080e-01
8.850000000000000089e-01
8.860000000000000098e-01
8.870000000000000107e-01
8.880000000000000115e-01
8.890000000000000124e-01
8.900000000000000133e-01
8.910000000000000142e-01
8.920000000000000151e-01
8.930000000000000160e-01
8.940000000000000169e-01
8.950000000000000178e-01
8.960000000000000187e-01
8.970000000000000195e-01
8.980000000000000204e-01
8.990000000000000213e-01
9.000000000000000222e-01
9.010000000000000231e-01
9.020000000000000240e-01
9.030000000000000249e-01
9.040000000000000258e-01
9.050000000000000266e-01
9.060000000000000275e-01
9.070000000000000284e-01
9.080000000000000293e-01
9.090000000000000302e-01
9.100000000000000311e-01
9.110000000000000320e-01
9.120000000000000329e-01
9.130000000000000338e-01
9.140000000000000346e-01
9.150000000000000355e-01
9.160000000000000364e-01
9.170000000000000373e-01
9.180000000000000382e-01
9.190000000000000391e-01
9.200000000000000400e-01
9.210000000000000409e-01
9.220000000000000417e-01
9.230000000000000426e-01
9.240000000000000435e-01
9.250000000000000444e-01
9.260000000000000453e-01
9.270000000000000462e-01
9.280000000000000471e-01
9.290000000000000480e-01
9.300000000000000488e-01
9.310000000000000497e-01
9.320000000000000506e-01
9.330000000000000515e-01
9.340000000000000524e-01
9.350000000000000533e-01
9.360000000000000542e-01
9.370000000000000551e-01
9.380000000000000560e-01
9.390000000000000568e-01
9.400000000000000577e-01
9.410000000000000586e-01
9.420000000000000595e-01
9.430000000000000604e-01
9.440000000000000613e-01
9.450000000000000622e-01
9.460000000000000631e-01
9.470000000000000639e-01
9.480000000000000648e-01
9.490000000000000657e-01
9.500000000000000666e-01
9.510000000000000675e-01
9.520000000000000684e-01
9.530000000000000693e-01
9.540000000000000702e-01
9.550000000000000711e-01
9.560000000000000719e-01
9.570000000000000728e-01
9.580000000000000737e-01
9.590000000000000746e-01
9.600000000000000755e-01
9.610000000000000764e-01
9.620000000000000773e-01
9.630000000000000782e-01
9.640000000000000790e-01
9.650000000000000799e-01
9.660000000000000808e-01
9.670000000000000817e-01
9.680000000000000826e-01
9.690000000000000835e-01
9.700000000000000844e-01
9.710000000000000853e-01
9.720000000000000862e-01
9.730000000000000870e-01
9.740000000000000879e-01
9.750000000000000888e-01
9.760000000000000897e-01
9.770000000000000906e-01
9.780000000000000915e-01
9.790000000000000924e-01
9.800000000000000933e-01
9.810000000000000941e-01
9.820000000000000950e-01
9.830000000000000959e-01
9.840000000000000968e-01
9.850000000000000977e-01
9.860000000000000986e-01
9.870000000000000995e-01
9.880000000000001004e-01
9.890000000000001013e-01
9.900000000000001021e-01
9.910000000000001030e-01
9.920000000000001039e-01
9.930000000000001048e-01
9.940000000000001057e-01
9.950000000000001066e-01
9.960000000000001075e-01
9.970000000000001084e-01
9.980000000000001092e-01
9.990000000000001101e-01
1.000000000000000000e+00
1.001000000000000112e+00
1.002000000000000224e+00
1.003000000000000114e+00
1.004000000000000004e+00
1.005000000000000115e+00
1.006000000000000227e+00
1.007000000000000117e+00
1.008000000000000007e+00
1.009000000000000119e+00
1.010000000000000231e+00
1.011000000000000121e+00
1.012000000000000011e+00
1.013000000000000123e+00
1.014000000000000234e+00
1.015000000000000124e+00
1.016000000000000014e+00
1.017000000000000126e+00
1.018000000000000238e+00
1.019000000000000128e+00
1.020000000000000018e+00
1.021000000000000130e+00
1.022000000000000242e+00
1.023000000000000131e+00
1.024000000000000021e+00
1.025000000000000133e+00
1.026000000000000245e+00
1.027000000000000135e+00
1.028000000000000025e+00
1.029000000000000137e+00
1.030000000000000249e+00
1.031000000000000139e+00
1.032000000000000028e+00
1.033000000000000140e+00
1.034000000000000252e+00
1.035000000000000142e+00
1.036000000000000032e+00
1.037000000000000144e+00
1.038000000000000256e+00
1.039000000000000146e+00
1.040000000000000036e+00
1.041000000000000147e+00
1.042000000000000259e+00
1.043000000000000149e+00
1.044000000000000039e+00
1.045000000000000151e+00
1.046000000000000263e+00
1.047000000000000153e+00
1.048000000000000043e+00
1.049000000000000155e+00
1.050000000000000266e+00
1.051000000000000156e+00
1.052000000000000046e+00
1.053000000000000158e+00
1.054000000000000270e+00
1.055000000000000160e+00
1.056000000000000050e+00
1.057000000000000162e+00
1.058000000000000274e+00
1.059000000000000163e+00
1.060000000000000053e+00
1.061000000000000165e+00
1.062000000000000277e+00
1.063000000000000167e+00
1.064000000000000057e+00
1.065000000000000169e+00
1.066000000000000281e+00
1.067000000000000171e+00
1.068000000000000060e+00
1.069000000000000172e+00
1.070000000000000284e+00
1.071000000000000174e+00
1.072000000000000064e+00
1.073000000000000176e+00
1.074000000000000288e+00
1.075000000000000178e+00
1.076000000000000068e+00
1.077000000000000179e+00
1.078000000000000291e+00
1.079000000000000181e+00
1.080000000000000071e+00
1.081000000000000183e+00
1.082000000000000295e+00
1.083000000000000185e+00
1.084000000000000075e+00
1.085000000000000187e+00
1.086000000000000298e+00
1.087000000000000188e+00
1.088000000000000078e+00
1.089000000000000190e+00
1.090000000000000302e+00
1.091000000000000192e+00
1.092000000000000082e+00
1.093000000000000194e+00
1.094000000000000306e+00
1.095000000000000195e+00
1.096000000000000085e+00
1.097000000000000197e+00
1.098000000000000309e+00
1.099000000000000199e+00
1.100000000000000089e+00
1.101000000000000201e+00
1.102000000000000313e+00
1.103000000000000203e+00
1.104000000000000092e+00
1.105000000000000204e+00
1.106000000000000316e+00
1.107000000000000206e+00
1.108000000000000096e+00
1.109000000000000208e+00
1.110000000000000320e+00
1.111000000000000210e+00
1.112000000000000099e+00
1.113000000000000211e+00
1.114000000000000323e+00
1.115000000000000213e+00
1.116000000000000103e+00
1.117000000000000215e+00
1.118000000000000327e+00
1.119000000000000217e+00
1.120000000000000107e+00
1.121000000000000218e+00
1.122000000000000330e+00
1.123000000000000220e+00
1.124000000000000110e+00
1.125000000000000222e+00
1.126000000000000334e+00
1.127000000000000224e+00
1.128000000000000114e+00
1.129000000000000226e+00
1.130000000000000338e+00
1.131000000000000227e+00
1.132000000000000117e+00
1.133000000000000229e+00
1.134000000000000341e+00
1.135000000000000231e+00
1.136000000000000121e+00
1.137000000000000233e+00
1.138000000000000345e+00
1.139000000000000234e+00
1.140000000000000124e+00
1.141000000000000236e+00
1.142000000000000348e+00
1.143000000000000238e+00
1.144000000000000128e+00
1.145000000000000240e+00
1.146000000000000352e+00
1.147000000000000242e+00
1.148000000000000131e+00
1.149000000000000243e+00
1.150000000000000355e+00
1.151000000000000245e+00
1.152000000000000135e+00
1.153000000000000247e+00
1.154000000000000359e+00
1.155000000000000249e+00
1.156000000000000139e+00
1.157000000000000250e+00
1.158000000000000362e+00
1.159000000000000252e+00
1.160000000000000142e+00
1.161000000000000254e+00
1.162000000000000366e+00
1.163000000000000256e+00
1.164000000000000146e+00
1.165000000000000258e+00
1.166000000000000369e+00
1.167000000000000259e+00
1.168000000000000149e+00
1.169000000000000261e+00
1.170000000000000373e+00
1.171000000000000263e+00
1.172000000000000153e+00
1.173000000000000265e+00
1.174000000000000377e+00
1.175000000000000266e+00
1.176000000000000156e+00
1.177000000000000268e+00
1.178000000000000380e+00
1.179000000000000270e+00
1.180000000000000160e+00
1.181000000000000272e+00
1.182000000000000384e+00
1.183000000000000274e+00
1.184000000000000163e+00
1.185000000000000275e+00
1.186000000000000387e+00
1.187000000000000277e+00
1.188000000000000167e+00
1.189000000000000279e+00
1.190000000000000391e+00
1.191000000000000281e+00
1.192000000000000171e+00
1.193000000000000282e+00
1.194000000000000394e+00
1.195000000000000284e+00
1.196000000000000174e+00
1.197000000000000286e+00
1.198000000000000398e+00
1.199000000000000288e+00
1.200000000000000178e+00
1.201000000000000290e+00
1.202000000000000401e+00
1.203000000000000291e+00
1.204000000000000181e+00
1.205000000000000293e+00
1.206000000000000405e+00
1.207000000000000295e+00
1.208000000000000185e+00
1.209000000000000297e+00
1.210000000000000409e+00
1.211000000000000298e+00
1.212000000000000188e+00
1.213000000000000300e+00
1.214000000000000412e+00
1.215000000000000302e+00
1.216000000000000192e+00
1.217000000000000304e+00
1.218000000000000416e+00
1.219000000000000306e+00
1.220000000000000195e+00
1.221000000000000307e+00
1.222000000000000419e+00
1.223000000000000309e+00
1.224000000000000199e+00
1.225000000000000311e+00
1.226000000000000423e+00
1.227000000000000313e+00
1.228000000000000203e+00
1.229000000000000314e+00
1.230000000000000426e+00
1.231000000000000316e+00
1.232000000000000206e+00
1.233000000000000318e+00
1.234000000000000430e+00
1.235000000000000320e+00
1.236000000000000210e+00
1.237000000000000322e+00
1.238000000000000433e+00
1.239000000000000323e+00
1.240000000000000213e+00
1.241000000000000325e+00
1.242000000000000437e+00
1.243000000000000327e+00
1.244000000000000217e+00
1.245000000000000329e+00
1.246000000000000441e+00
1.247000000000000330e+00
1.248000000000000220e+00
1.249000000000000332e+00
1.250000000000000444e+00
1.251000000000000334e+00
1.252000000000000224e+00
1.253000000000000336e+00
1.254000000000000448e+00
1.255000000000000338e+00
1.256000000000000227e+00
1.257000000000000339e+00
1.258000000000000451e+00
1.259000000000000341e+00
1.260000000000000231e+00
1.261000000000000343e+00
1.262000000000000455e+00
1.263000000000000345e+00
1.264000000000000234e+00
1.265000000000000346e+00
1.266000000000000458e+00
1.267000000000000348e+00
1.268000000000000238e+00
1.269000000000000350e+00
1.270000000000000462e+00
1.271000000000000352e+00
1.272000000000000242e+00
1.273000000000000353e+00
1.274000000000000465e+00
1.275000000000000355e+00
1.276000000000000245e+00
1.277000000000000357e+00
1.278000000000000469e+00
1.279000000000000359e+00
1.280000000000000249e+00
1.281000000000000361e+00
1.282000000000000473e+00
1.283000000000000362e+00
1.284000000000000252e+00
1.285000000000000364e+00
1.286000000000000476e+00
1.287000000000000366e+00
1.288000000000000256e+00
1.289000000000000368e+00
1.290000000000000480e+00
1.291000000000000369e+00
1.292000000000000259e+00
1.293000000000000371e+00
1.294000000000000483e+00
1.295000000000000373e+00
1.296000000000000263e+00
1.297000000000000375e+00
1.298000000000000487e+00
1.299000000000000377e+00
1.300000000000000266e+00
1.301000000000000378e+00
1.302000000000000490e+00
1.303000000000000380e+00
1.304000000000000270e+00
1.305000000000000382e+00
1.306000000000000494e+00
1.307000000000000384e+00
1.308000000000000274e+00
1.309000000000000385e+00
1.310000000000000497e+00
1.311000000000000387e+00
1.312000000000000277e+00
1.313000000000000389e+00
1.314000000000000501e+00
1.315000000000000391e+00
1.316000000000000281e+00
1.317000000000000393e+00
1.318000000000000504e+00
1.319000000000000394e+00
1.320000000000000284e+00
1.321000000000000396e+00
1.322000000000000508e+00
1.323000000000000398e+00
1.324000000000000288e+00
1.325000000000000400e+00
1.326000000000000512e+00
1.327000000000000401e+00
1.328000000000000291e+00
1.329000000000000403e+00
1.330000000000000515e+00
1.331000000000000405e+00
1.332000000000000295e+00
1.333000000000000407e+00
1.334000000000000519e+00
1.335000000000000409e+00
1.336000000000000298e+00
1.337000000000000410e+00
1.338000000000000522e+00
1.339000000000000412e+00
1.340000000000000302e+00
1.341000000000000414e+00
1.342000000000000526e+00
1.343000000000000416e+00
1.344000000000000306e+00
1.345000000000000417e+00
1.346000000000000529e+00
1.347000000000000419e+00
1.348000000000000309e+00
1.349000000000000421e+00
1.350000000000000533e+00
1.351000000000000423e+00
1.352000000000000313e+00
1.353000000000000425e+00
1.354000000000000536e+00
1.355000000000000426e+00
1.356000000000000316e+00
1.357000000000000428e+00
1.358000000000000540e+00
1.359000000000000430e+00
1.360000000000000320e+00
1.361000000000000432e+00
1.362000000000000544e+00
1.363000000000000433e+00
1.364000000000000323e+00
1.365000000000000435e+00
1.366000000000000547e+00
1.367000000000000437e+00
1.368000000000000327e+00
1.369000000000000439e+00
1.370000000000000551e+00
1.371000000000000441e+00
1.372000000000000330e+00
1.373000000000000442e+00
1.374000000000000554e+00
1.375000000000000444e+00
1.376000000000000334e+00
1.377000000000000446e+00
1.378000000000000558e+00
1.379000000000000448e+00
1.380000000000000338e+00
1.381000000000000449e+00
1.382000000000000561e+00
1.383000000000000451e+00
1.384000000000000341e+00
1.385000000000000453e+00
1.386000000000000565e+00
1.387000000000000455e+00
1.388000000000000345e+00
1.389000000000000457e+00
1.390000000000000568e+00
1.391000000000000458e+00
1.392000000000000348e+00
1.393000000000000460e+00
1.394000000000000572e+00
1.395000000000000462e+00
1.396000000000000352e+00
1.397000000000000464e+00
1.398000000000000576e+00
1.399000000000000465e+00
1.400000000000000355e+00
1.401000000000000467e+00
1.402000000000000579e+00
1.403000000000000469e+00
1.404000000000000359e+00
1.405000000000000471e+00
1.406000000000000583e+00
1.407000000000000473e+00
1.408000000000000362e+00
1.409000000000000474e+00
1.410000000000000586e+00
1.411000000000000476e+00
1.412000000000000366e+00
1.413000000000000478e+00
1.414000000000000590e+00
1.415000000000000480e+00
1.416000000000000369e+00
1.417000000000000481e+00
1.418000000000000593e+00
1.419000000000000483e+00
1.420000000000000373e+00
1.421000000000000485e+00
1.422000000000000597e+00
1.423000000000000487e+00
1.424000000000000377e+00
1.425000000000000488e+00
1.426000000000000600e+00
1.427000000000000490e+00
1.428000000000000380e+00
1.429000000000000492e+00
1.430000000000000604e+00
1.431000000000000494e+00
1.432000000000000384e+00
1.433000000000000496e+00
1.434000000000000608e+00
1.435000000000000497e+00
1.436000000000000387e+00
1.437000000000000499e+00
1.438000000000000611e+00
1.439000000000000501e+00
1.440000000000000391e+00
1.441000000000000503e+00
1.442000000000000615e+00
1.443000000000000504e+00
1.444000000000000394e+00
1.445000000000000506e+00
1.446000000000000618e+00
1.447000000000000508e+00
1.448000000000000398e+00
1.449000000000000510e+00
1.450000000000000622e+00
1.451000000000000512e+00
1.452000000000000401e+00
1.453000000000000513e+00
1.454000000000000625e+00
1.455000000000000515e+00
1.456000000000000405e+00
1.457000000000000517e+00
1.458000000000000629e+00
1.459000000000000519e+00
1.460000000000000409e+00
1.461000000000000520e+00
1.462000000000000632e+00
1.463000000000000522e+00
1.464000000000000412e+00
1.465000000000000524e+00
1.466000000000000636e+00
1.467000000000000526e+00
1.468000000000000416e+00
1.469000000000000528e+00
1.470000000000000639e+00
1.471000000000000529e+00
1.472000000000000419e+00
1.473000000000000531e+00
1.474000000000000643e+00
1.475000000000000533e+00
1.476000000000000423e+00
1.477000000000000535e+00
1.478000000000000647e+00
1.479000000000000536e+00
1.480000000000000426e+00
1.481000000000000538e+00
1.482000000000000650e+00
1.483000000000000540e+00
1.484000000000000430e+00
1.485000000000000542e+00
1.486000000000000654e+00
1.487000000000000544e+00
1.488000000000000433e+00
1.489000000000000545e+00
1.490000000000000657e+00
1.491000000000000547e+00
1.492000000000000437e+00
1.493000000000000549e+00
1.494000000000000661e+00
1.495000000000000551e+00
1.496000000000000441e+00
1.497000000000000552e+00
1.498000000000000664e+00
1.499000000000000554e+00
1.500000000000000444e+00
1.501000000000000556e+00
1.502000000000000668e+00
1.503000000000000558e+00
1.504000000000000448e+00
1.505000000000000560e+00
1.506000000000000671e+00
1.507000000000000561e+00
1.508000000000000451e+00
1.509000000000000563e+00
1.510000000000000675e+00
1.511000000000000565e+00
1.512000000000000455e+00
1.513000000000000567e+00
1.514000000000000679e+00
1.515000000000000568e+00
1.516000000000000458e+00
1.517000000000000570e+00
1.518000000000000682e+00
1.519000000000000572e+00
1.520000000000000462e+00
1.521000000000000574e+00
1.522000000000000686e+00
1.523000000000000576e+00
1.524000000000000465e+00
1.525000000000000577e+00
1.526000000000000689e+00
1.527000000000000579e+00
1.528000000000000469e+00
1.529000000000000581e+00
1.530000000000000693e+00
1.531000000000000583e+00
1.532000000000000473e+00
1.533000000000000584e+00
1.534000000000000696e+00
1.535000000000000586e+00
1.536000000000000476e+00
1.537000000000000588e+00
1.538000000000000700e+00
1.539000000000000590e+00
1.540000000000000480e+00
1.541000000000000592e+00
1.542000000000000703e+00
1.543000000000000593e+00
1.544000000000000483e+00
1.545000000000000595e+00
1.546000000000000707e+00
1.547000000000000597e+00
1.548000000000000487e+00
1.549000000000000599e+00
1.550000000000000711e+00
1.551000000000000600e+00
1.552000000000000490e+00
1.553000000000000602e+00
1.554000000000000714e+00
1.555000000000000604e+00
1.556000000000000494e+00
1.557000000000000606e+00
1.558000000000000718e+00
1.559000000000000608e+00
1.560000000000000497e+00
1.561000000000000609e+00
1.562000000000000721e+00
1.563000000000000611e+00
1.564000000000000501e+00
1.565000000000000613e+00
1.566000000000000725e+00
1.567000000000000615e+00
1.568000000000000504e+00
1.569000000000000616e+00
1.570000000000000728e+00
1.571000000000000618e+00
1.572000000000000508e+00
1.573000000000000620e+00
1.574000000000000732e+00
1.575000000000000622e+00
1.576000000000000512e+00
1.577000000000000624e+00
1.578000000000000735e+00
1.579000000000000625e+00
1.580000000000000515e+00
1.581000000000000627e+00
1.582000000000000739e+00
1.583000000000000629e+00
1.584000000000000519e+00
1.585000000000000631e+00
1.586000000000000743e+00
1.587000000000000632e+00
1.588000000000000522e+00
1.589000000000000634e+00
1.590000000000000746e+00
1.591000000000000636e+00
1.592000000000000526e+00
1.593000000000000638e+00
1.594000000000000750e+00
1.595000000000000639e+00
1.596000000000000529e+00
1.597000000000000641e+00
1.598000000000000753e+00
1.599000000000000643e+00
1.600000000000000533e+00
1.601000000000000645e+00
1.602000000000000757e+00
1.603000000000000647e+00
1.604000000000000536e+00
1.605000000000000648e+00
1.606000000000000760e+00
1.607000000000000650e+00
1.608000000000000540e+00
1.609000000000000652e+00
1.610000000000000764e+00
1.611000000000000654e+00
1.612000000000000544e+00
1.613000000000000655e+00
1.614000000000000767e+00
1.615000000000000657e+00
1.616000000000000547e+00
1.617000000000000659e+00
1.618000000000000771e+00
1.619000000000000661e+00
1.620000000000000551e+00
1.621000000000000663e+00
1.622000000000000774e+00
1.623000000000000664e+00
1.624000000000000554e+00
1.625000000000000666e+00
1.626000000000000778e+00
1.627000000000000668e+00
1.628000000000000558e+00
1.629000000000000670e+00
1.630000000000000782e+00
1.631000000000000671e+00
1.632000000000000561e+00
1.633000000000000673e+00
1.634000000000000785e+00
1.635000000000000675e+00
1.636000000000000565e+00
1.637000000000000677e+00
1.638000000000000789e+00
1.639000000000000679e+00
1.640000000000000568e+00
1.641000000000000680e+00
1.642000000000000792e+00
1.643000000000000682e+00
1.644000000000000572e+00
1.645000000000000684e+00
1.646000000000000796e+00
1.647000000000000686e+00
1.648000000000000576e+00
1.649000000000000687e+00
1.650000000000000799e+00
1.651000000000000689e+00
1.652000000000000579e+00
1.653000000000000691e+00
1.654000000000000803e+00
1.655000000000000693e+00
1.656000000000000583e+00
1.657000000000000695e+00
1.658000000000000806e+00
1.659000000000000696e+00
1.660000000000000586e+00
1.661000000000000698e+00
1.662000000000000810e+00
1.663000000000000700e+00
1.664000000000000590e+00
1.665000000000000702e+00
1.666000000000000814e+00
1.667000000000000703e+00
1.668000000000000593e+00
1.669000000000000705e+00
1.670000000000000817e+00
1.671000000000000707e+00
1.672000000000000597e+00
1.673000000000000709e+00
1.674000000000000821e+00
1.675000000000000711e+00
1.676000000000000600e+00
1.677000000000000712e+00
1.678000000000000824e+00
1.679000000000000714e+00
1.680000000000000604e+00
1.681000000000000716e+00
1.682000000000000828e+00
1.683000000000000718e+00
1.684000000000000608e+00
